   1.6431869102962258        7.0684127778461896        4.1558202789076102      -0.74229068618730865       -2.8103584149740111        1.1307397082565178     
   5.1528884896775846        7.7914288842392132        3.0308941454516867       0.30401118402036664      -0.91247896302596110      -0.46353099039383716     
   1.2382640260470921        9.7791243852559262        2.2846217194586713      -0.26822347107208161        2.1158782129400571      -0.74823551886924189     
   4.7700590569848007        5.9824683596190686        3.6849500676269300      -0.26320614797711023        1.1319456903925553        1.1996122047517042     
   1.4995574012776229        1.6578971880833921        7.2981942735412977       0.79067043744858478       -1.8725837031965182       -1.0061864743316304     
   3.9949363658867894       0.18167716067511758        2.0167361643101716       0.71579870855457572      -0.81238388780618820       -1.4568682221301312     
   8.1846011288479463        6.3489884493923912        3.9503629289186879      -0.36095837406598597      -0.35621178540082438       0.67718938546693452     
   9.1600034337637357        9.6139321562245907        5.3369095567553240       0.84027423820906944       -1.3974515121296438       0.80564577074795529     
   3.0200496236516394        4.2305379597405137        6.8683985205781335      -0.75407065361941850       0.23331998639225726       -2.1913160054136336     
   1.1092465530113045        2.9446046354295525        5.6876445458623266       -1.6308437251290933        1.2728346073598742       -1.2763455394813308     
   8.5916848248821953        8.3333279280651436        4.6470638877355599       0.35748373538376910      -0.91636620607376595      -0.33435569313998320     
  0.24328828495468191        5.1166229459457071        4.1300381384290423       0.46724178359951346       -1.1172520961389418       0.70874560898823680     
   1.2714175797313216        9.0157764532005835        5.3653250457582837       -6.0110716058160985E-002  0.51661683685226312       0.31635176325924191     
   2.1522272435842269       0.58645284894384064        5.5595355646916191      -0.96539780293394117        1.3639329038901598        7.2725466855984813E-002
   3.6112219970845487        5.4951366055134354        4.4055933041287947       0.34782803127881567       0.40734071649708031       -1.4527565911188429     
   5.4755336837367610        7.0969080463048435        1.9658795170425079       -1.4506767766162849       -2.1865151678371643E-003 -0.13751135649500046     
  0.18504173671342158        3.6322169984983934        4.7272661923059491      -0.51208561253440166        1.4426014974303512       0.49973743420450090     
  0.46179392216810788        8.7990489610711222        5.9756966166220247       0.38251196193497194      -0.88554926931436062       -4.0536238878263964E-002
   3.0407942466362363        2.3977044101231408        1.5625794484221114       -1.5244424204291243       0.59728055674012381        1.6719137169417666     
   8.9915480657360494        2.1642259664510770        5.1249565583787620      -0.66191910306149015      -0.79004531633263442       0.88132662536173778     
  0.49964467674060847        9.5210114560871997        3.9133843513006408       0.62504015788293832      -0.31694331316278418        1.4646964069297048     
   4.9179207687424169        4.6628399669361977        3.7778579713833644       0.75884242708884786       0.63405490447659574       -2.3684564283613568E-002
   3.7791358783957678        5.9192508904604857        5.5764324784564741      -0.20660134573128836       -2.0516872606254322       -1.8472668631396720     
   5.4056800973806149        4.3957505754868880        4.7451671660990131        1.5254433697696699        1.2979739818477949      -0.46547037733011376     
   9.9153301230938560        6.0684855184543451        2.8910619359493777      -0.26927848668454818      -0.63716590853509336      -0.79359392577356724     
   3.4725242814386283        9.6068483234706363        6.0127648046742523      -0.21363867508133624        1.4207556435705080        1.2077337308216984     
   4.7241299236577303        8.3552007965754367        5.6379014856883360       0.87086073516190443       -1.6116020020605022       0.46775734426818544     
   3.0910124226581899        6.6250012000894971        3.0213639124826854       0.92214277482956497       -1.4709092024055548       0.50877298746431387     
   7.6756737289120363        7.9103085217305944        2.6821343917819771       -1.1823576745995719        1.8467714204039053E-002  -9.5049919817211254E-002
   3.5098520596444907        4.2121416178503157        2.2663573674820330       0.11724666201068823      -0.24735468318223255      -0.68767095563011449     
   2.0702201386289421        8.5542634616677784        2.3511936450724904      -0.30621479063359008       0.18719347187043883      -0.17928263934684185     
   1.7497271584924483        5.0377845907091547        3.8534249613184159        1.4159442601066723      -0.18837915931724020      -0.85233531334321633     
   9.8654202930150632        9.6710463093954438E-002   2.3593502373357254       -2.8433669895340685       0.69251176439374384       -1.1200745376321304     
   1.4360140277767124E-002   2.6646505154250990        5.3399377176682510       -4.8271923707299769E-002  -1.6440907000988519E-002 -0.66543095647804684     
   9.7121233822426181        6.3240672839599670        6.0184006411768154      -0.95658014732015639      -0.85284014006198472      -0.22150882583092066     
   5.4912917760227753        2.3857596790935611        2.7758096405782973        1.4538886225620784        5.6739795304714742E-002 -0.16376892601272408     
   3.9283329325883014        3.5773553070425068        3.5917816027698257        6.6570687794824113E-002  0.25649063170131592       -1.0032009127108790     
   3.4263539861569225        1.7469128834621428        5.9187670054841242       -1.0047206636768109       -1.4989286562666493        1.1664064456012986     
   1.4349660860484053       0.23556594703019718        3.5872945011428805       0.52561373669310929       -1.2744754096049771      -0.70704939409715029     
   1.2426427753624607        2.2879605577410426E-002   5.8042379273772564        1.7668375356649368       -1.3102708414924752E-003  0.34112705302998786     
   5.8569559394715203        5.4915927544742074        3.1622426638886489        1.7965373219017495       -1.1226574392557158       0.53245072219735734     
   5.0486855285492407        3.3183079291693147        1.8259659915125341       0.43552170680515084        1.0703487254919910        1.6939423635923746E-002
   1.5394527990757767        6.3026603795811473        6.5942461019522067       -2.5560711679853241      -0.68127753352695464       0.69656005610094252     
  0.29713000345961699        2.8281055189512418        8.0915709333758183       0.43550705833479159       0.66950650861419769       0.50256636788006293     
   7.5571078028628778        2.4155562722332902        2.2488913006309814       -1.0556156941367218       -1.0870258330490341        7.2125886889756012E-003
   8.2980471437620018        4.5835163532419587        2.2204788188309559      -0.68185590006582120       0.25637667401983422       0.72753044442129788     
   5.7928594727008260        2.6848542883338951        3.9086426067970268       0.87433021216380113       0.71835111700676002      -0.45160499607036553     
   5.2552504495425527        5.4988630039959325        4.6547411293641527      -0.35827078475183199       0.19815853117034665        1.1928461151702505     
   5.8476374449053745       0.10086435242978754        6.2510007255785540      -0.34639752709691929      -0.38167303284952975       0.37825102693483176     
   6.2346268692075384       0.95909818873044728        2.0378629146348710        6.1856807865234190E-002 -0.80472881559632570       0.26422063748302804     
  0.87235067190020565        3.0182873743724352        2.3408975191471049       -1.6871646316529976        1.2400887611321250       -1.5904316946428387     
   9.1375472508654276        3.7314903000437583        1.8241446605327871       -1.1325243005749548        4.8097264379991934E-002  -2.5600149102239268E-002
   6.0527616018348844        3.3405572569689781        2.2663925259751760        1.1573581881872668      -0.15385567577969858       0.26899480224235039     
   1.2107249662323281        8.0986823724611483        6.1812211610333900       -9.3564887256580478E-002 -0.89294488964387442      -0.92673636434139162     
   3.0929341746968237       0.81828357683131880        6.4325666018511640        1.0116051882398640       -1.1442591267213380       0.17793951668344449     
   2.4463462296182397        5.2475302902344287        6.7287877719104827       0.50884276338620171       -1.0576507223008480      -0.31463296372803889     
   2.4871224085163894       0.96241919426774869        4.4926854287013098      -0.31509284299381773      -0.87482150027999883      -0.94809423619391475     
   3.9654006969010602        2.0979299036746335        5.0733163074624592      -0.20032025700533745      -0.43311912878622844       -2.4646654678431212     
   4.3901255793579157        6.9811227310463151        3.8291228034943012        4.5835843250721570E-002 -0.32352198047827968      -0.55079066123712739     
   1.7749188697018654        5.8266196455730013        5.2624476722506452       0.26656925315754526       -9.4407204030709860E-002   7.7639356516882682E-002
   7.0084580292832719        3.4135768446539232        4.4696056363744141       0.90861277622037340       0.50645767268775288       0.47365582148015450     
   3.1232297762029897        8.6061471872412163        5.4357571954055626       0.84899518793573447      -0.20911631897763841      -0.39463358526944248     
  0.94370968945845335        7.0137729306516849        1.0199903591764510      -0.73932821594430120        6.0017096845328436E-003 -0.18445870378643597     
   1.6168767307311278        4.9101468604591707        2.5371194388935976       -1.4064049367953344       0.44518466576533594       -8.7599680797261423E-002
   2.3587047446833989        6.9022711432084520        7.2899382421172243       0.14710208633237776      -0.51426764634193201       0.62754080614678132     
   9.9306659581863688        7.8094903965358773        3.8174934658604851       0.64452134587899113       0.66488416420382490      -0.95019232204261506     
   4.0014329745059545        3.1002518152561040        2.3220683962824125        1.2542295557976140       0.40601882219091784       0.74818785786290465     
   8.9979151585362409        4.9987790920434758        7.5160264311289273       0.65174768648617487       0.10049633839164769      -0.70685618997449939     
   2.5713865358548946        4.5435558547885986        1.9596968157888199       0.23550691907006349       -9.2087729929986151E-002 -0.26384286706394178     
   9.5666109517777116        8.9845788298524472        3.7899477380344435      -0.89682758452433053       -9.7743174310790687E-002 -0.60119944065250386     
   6.4616744782814832        1.9649876435084388        2.4679885380258035       0.70402886257530461        1.3137348210962283       -2.3177322065480501     
   5.1876430035582777        5.6307398888123510        1.1379926213081502       -1.3775000514346647       0.93405172564885419      -0.58641400987282921     
   1.3904322707184464        5.2949919408582193        8.3711681113991219        1.0253407466786100        1.3119539932937170       0.28865499149076584     
   2.5713489846345086        4.4389692604665010        5.5951120033999269       -1.1001684496359563        9.4011422915406873E-002 -0.73543145734724835     
   3.0166419995960352        3.5093697838544173        2.8674283439391108       -6.4041142301177773E-002   1.3002593322043547      -0.64139038331140252     
   4.8971973525391448        3.3341499485550918        3.9054638298057847       -1.7924193879853623        1.4985292044696006       0.97135883059029715     
   7.2348724668166673        8.7820450167839592        4.9821749996191471       0.27526514093709958       0.76825190589194314      -0.25142636228971260     
   2.9215629329490511        7.5586492232020372        4.6429176598391066      -0.52259388362716275      -0.23924475018135052      -0.12236009152548047     
  0.94158624057491136        6.3668563735394468        5.3710682758858166       -1.3540006988904962E-002   1.4645100411032725       0.80151621679231932     
   5.4980244937217373       0.18671282633649189        2.8083841470913380       0.37852603965096954       0.60304552575979586       0.22108283213182323     
  0.77271113481134446        7.9613823008832529        7.1671175633956956      -0.99230685438306976       0.55879238179366930      -0.13926616279581330     
   7.8648814858213463        3.5811589416022791        2.1677407590762354       0.39948079020856675       0.21721187340646339       0.74900481314856571     
   2.5355469583265440        8.2987948781366878        7.1391176117462738       -1.4146311765261066E-002 -0.26332749031434777      -0.86257934411116299     
   2.0952067543975046        6.6014058207997559        1.2702392014935759       0.41554030340365333      -0.38602210543136695      -0.19510652801197514     
   6.4136185798776664        5.7376877255329113        5.7665766104913017       -1.4957574457781684       -1.0342703024448492       0.86443095931470593     
   5.3757947940039026        8.0586438102653730        1.7952515263731885       0.24659441481971742        1.4920403509166533       -1.2164847557699308     
   1.5543369664177293        9.2912519824659885        6.5329325373450615       0.11808422314157047      -0.33211819745340260        1.2286759467567077     
   2.8106890469654049        3.9422289449333756       0.93768482894390248        2.8068361587005040       0.38742254848859448        1.8560191088955669     
  0.91953731185700482        4.0295116595228571        2.7710789855528217       -1.6068635266982561        7.2922538271192397E-002  0.11178729702316839     
   3.2505724628945525        6.7064526070039534        1.8579588625439796       0.14046221346227239        1.3539274934890271      -0.45892532138625863     
   9.7583276785176150        8.9461874443542708        6.9950000304692344       -1.9870858139090777      -0.50187669698416826      -0.59192622060167810     
   8.0374865183901623        2.6454744399270811        6.7159232479210100        1.0040947025504259      -0.11493758153606978       0.29773267318587021     
   8.9395068511962528        4.9083920887410359        6.0046150868169299       0.52899260120226221       0.19388410478345017       0.73778603034278156     
   3.0105115992225557        6.3303048523576262        6.1434442630077211       -1.5787245853368599      -0.67203638593832637       0.45336877157204553     
   7.2647825168071822        3.4310725189326203        3.2900278311575391       -1.9662542300771242       0.41352120534980491      -0.80206643224653584     
   7.2142258828073524       0.57121111639598143        1.5979674077086921      -0.54893295260032560       0.94527393321454634       0.30743014138640151     
   6.0312299359085069        4.4101059070283330        3.7939924163760734       0.22731153733593551        4.7251995235185626E-002  -5.2510479627142087E-002
   6.4519029620424657        4.2808767124723746        2.8717917396892987       0.30979897113812793       0.45971730164904717       0.77744245965596770     
   1.3367829572360270        9.8256075251425852        4.5259062904643859        2.4587909923430438        1.0783317696705770      -0.74748793600494734     
  0.31103681274599343        9.0106340869747577        2.1280131445588584        1.5762948415971907        2.1662221683626890      -0.98974610487433479     
   9.6454268517276773        9.8943275990126693        7.4684885816594013        1.3534034958509300      -0.90011343002374633      -0.65366607423231204     
   1.3146167332783014        2.5663237864288426        1.4266971932926866        3.1122913252784614      -0.28238862562023043       0.27066629646764806     
   9.0760307020090654        2.9475399013201180        1.1282395536796364       0.42841014689235057       0.37894017135172958       -1.1777187582334263     
  0.79409065627182618        3.7308621822612738        6.4019681106014570        1.7649495593536686E-002  0.55601853329006157       0.19494816072856544     
   2.4780444150501255        6.4810517342990011        3.8526456468853931        1.0846031816413904       0.26552554750460017       0.30341464423374875     
   2.4245417208932865        3.5361222383583901        4.5027841427711310      -0.18718085884112468       -1.8760181192348273      -0.52048584651341234     
   5.1405101878397597        6.5345054575555697        2.7968761745350408      -0.31813433849740202      -0.17988496264538348       0.71291123937900203     
   2.3758731461591975        5.6112460625898404        4.4872499296510604        1.3342420290359907       0.10167195632393937       0.32102982730402801     
   3.2981060512423124        8.6469975947740849        4.0316227327652134       0.83505848450859310        1.4135064810243891       0.60084463851312475     
  0.40478409093885531        4.2024590893450924        1.7928703034700499       0.31933628448345436        6.7083697008617271E-002  -9.8816069922967181E-003
   5.9455033960011079        9.6670734515598458        1.6276090495964313       0.32854773450465852      -0.50231582424217969       0.97194957428137052     
   2.9081849936334696        3.1112568849106021        5.8071072324709530       -1.9607854367618173E-003   3.1010896573545436E-002   1.0900356454760707     
  0.97279043847138991        7.1848505363808179        6.5452810023096610      -0.88957627205454315       0.52929134179778514      -0.88874449240046793     
   7.0878972533435380        5.5296796450459560        2.6871544216839380       0.29481285416243014       0.11624831235808654       -1.9138181941909091     
   6.9282837212083352        6.8933605860190941        5.1399894485211934       0.96226687450727000       -1.1927148610594054        1.3009987360179092     
  0.17537867767819393        2.6191486315094048        6.4939179342844762        1.0317976417666304       0.43469459986705727       0.88829970968615002     
   1.5454978184671992        3.0872165929887099        3.7997242984035693       0.82385843904249922        2.2688443548393082       0.96082673542634855     
  0.29443613580838923        1.3040744434762557        2.5776745864115176        1.3036058592500577       0.65819823272562461       0.50203528507932915     
   6.2046161160981015        5.1717454768085762        4.8712971700629337      -0.35067658878174651      -0.87478649375428108       0.37608113034107271     
   3.8477273121230158        3.0727254198569662        4.6538508225933395       0.37737198279764028        1.3575613004002201       -1.1524671967438600     
   6.6400474370901703        1.0430290152488311        7.3886128372407933      -0.80855822641297126       0.68238286472382759        1.4134466813665894     
   5.2833532729298689        4.9747831606344093        6.2924425601861316       -1.0579533393372220        1.0560680094830852       -1.3374541838515481     
   8.9767526882295883        5.4609313715223005        4.1292363425877916      -0.23259745553521605       0.27727576834634959      -0.12668599505822617     
   6.2994268879188686        6.3584418879992599        3.0245376275230949       0.14484331825169511      -0.28003597778140993        1.1355308175361098     
  0.96198228949160547        7.8660816469041750        2.2442897334852119        1.2514295659757697        1.0920598269810338      -0.28182151080383588     
   2.9010697564231909        5.0402388001267013        3.5577258889602428      -0.76006712800544485        1.3186644022240601       0.66913951543413175     
   4.7397121078617790        3.7164882700079866        4.8981504719500464      -0.32106907384549910       0.71977315657024499       -1.7562218886958760     
   2.2726016037754455        1.7037147370078187        6.1800905670816206      -0.18624504556151827       0.58731594987031877      -0.69893357286935953     
  0.12939386222658278        4.1483628211125803        3.6248323549182628       0.47222409519940567        1.3634365042132985       0.13417895190984283     
   4.3265846237226544        7.1281953515457772        2.6935565911853678      -0.11055899667853973      -0.18781791803515799      -0.76404452511333432     
   6.6973757852981572        6.7661578540642004        1.0965549761472826       -1.4378531620686978      -0.34123551454313999       -1.0793529351608961     
   3.0210503549376990        5.6763408373203514        1.6656467367397303       0.46090550990373441       -1.3285352995853652      -0.60702943597191805     
   2.3595250172982003        5.8413361165598134        2.7667905655464717      -0.20531854414619807        1.0542069436825405       0.54360156279771410     
   2.7785289654359970        7.7154770478498378        1.9326976225217596       -1.2517577755811902       0.69404638095731719        1.9463271509350941     
   4.0417744129844433        6.0803244395275104        2.5287251563266100      -0.68331814928439505      -0.28556236890123043      -0.76623336115163920     
   4.8062092347901064        2.4985986673728608        4.5488067267946217       0.84606909954177711       0.58403427599104263      -0.49488544726727396     
   9.8282213032364290        3.6234805111765471        7.4670542980935135       -1.0142276481525323      -0.49518257650733122       0.47170502871353465     
   1.9079885023736507        3.7693013473056558        2.7537903642681663       0.13499968891938621       0.85647334656348184      -0.39432614914696074     
   5.8768441320440559        6.2754669557088496        4.9282578521666798      -0.68491073831744831      -0.34827518853988615       0.43986857330599938     
   5.3135469197996930        1.4386805206875584        3.1739953905770757       0.41916430540571326       0.18897446967322454       0.67220456129434192     
   7.0976385310080952        6.4299012622957399        6.4591852678916286      -0.39668236061083351        1.0611531169471646      -0.33228755192729298     
   7.1248849859283343        2.3531527257890432        6.5835018377467049      -0.69762073732867425       0.47535220835845238       0.51551279827834995     
   1.3461161927897309        3.0363165587712615        7.4187410646117140      -0.65691530998947290       0.52723097366409943       -1.3624690084354851     
   1.4015391411682470        7.8521444215300384        3.2306824163283308       0.91072966864353588       -1.5275408603316440      -0.18325427585167495     
   2.9318008355689331        2.9330559226384185        3.8081102389706114      -0.21227760855848540       0.91427511996967981       0.55177435457388591     
   3.2086592693330998        6.4225840723925547        4.8276791764971900        1.9796844682527321       -5.2137494317900435E-002   1.5444696434821354     
   1.1596966023582034       0.96678127974094274        6.0084027345811917       -1.3960175577326950      -0.38384378623726806       0.21305716872477765     
   2.2683009772004037        2.5363645798541170        3.0451909188424393       -1.8123497754266413      -0.18187103231183716      -0.78941631311528981     
   7.9770285886344423        4.5871840715878411        6.0792371326301415        1.1363161942151223      -0.96724817105163696       0.33528030800960046     
   7.3237900290406208E-002  0.45756391128788604        3.9029152068649759        1.2775772455592662       0.90576844412379132       0.36100270531979894     
   2.7709114375834827        5.4276913316642359        5.4492905415053947      -0.74226929665928576        2.0624600736662373       0.88481986516194822     
   4.4381276849223550        3.3854598180881692        7.5426294352310537       -1.5872669305622402       -1.1988338790962094       0.26721516673327572     
   2.0651976325170360        6.7937156681881685        5.4123333175917354       -6.2160821512083825E-002   1.9726663849831017       0.11894056743998851     
  0.86652123867046815        5.0869835448720258        3.2870336026156162       -1.2560279533022281       0.64655066681410189      -0.79143480628031460     
   1.2546307773859848        3.6252942728238060        1.7342984700382973      -0.19460897242795830      -0.51923724375666680       0.88762430808379922     
   7.1342412516041342        4.5553074167687457        4.1625592521552903      -0.94010403789964980        1.4239471773861911       0.28048169668721351     
  0.63897026707382276        1.4707514561604542        4.8001699700233509       0.40839475427850080      -0.37708409800178339      -0.33602407939207535     
  0.75228146704297505        6.9071759228828853        3.0343553315905920        7.7975338209004708E-002  0.25257449375111124        1.3458697459561115     
   1.0815565928085371        2.2587641859551155        3.6663216793444584       0.43621683368268621      -0.64755632869268664       0.74834774366153789     
   5.2693904355706200        3.8384895440943554        2.9012107672340695       0.31974489935728917       0.17601422915515016       0.31061447987038998     
   1.1248267980617781        4.5678151785939010        4.5688361833461464      -0.82093497383084779       0.25364142024431363      -0.72087923450991620     
   7.4866043810827296        6.7868534076723517        3.0567086088656863       -1.3385728271902380       -1.0103887616953253      -0.53658272349322955     
   2.1249798614108601        7.4989305406729514        6.1936805366967285       -1.5673200943808379        1.2934787743590939      -0.57621716404764523     
   9.3371460080135886        2.4379432971932053        7.5940910758083628        1.9250831474656553      -0.57290046785323068       0.16764830246788665     
   8.4793305046058478        1.4018832225812268        1.6040321145843621       -1.0717086645066598       0.86534514869160417      -0.93460813883697302     
   2.1695316009560632        9.3589927268111985        7.4658156966707256      -0.83797702351153602       -1.3495978850116694       0.53301885930175952     
   4.3871642985193189        6.3916486569490019        4.6203654773081313       0.57950527880813452      -0.92358768448380468       -1.2819941040084553     
   4.2257823612727679        1.6343884747116804        8.4535369999126839       -2.0082065363129762       -1.5999512313069542      -0.17481661151063854     
  0.21263865327680184        6.0562505037115759        7.5798608682518722      -0.69731773947627329       -1.6905236494685882       0.12736255224784537     
   4.3534620678492164        4.5860801493216643        4.5929787776296633      -0.50168802275962365       0.90694769017085752       -1.1748775839960022     
   2.2730234508624108       0.18476069303599865        6.6346226214051693       0.58866226377708653      -0.12299002839038563       -1.4737614058888311     
   9.0322825747274784        6.6713761070629749        5.1808212959719473       -6.6269262508093063E-002   3.1976288062000917E-002 -0.44198709758287452     
   2.2776682986898371        7.9177438435160603        3.7976595225726451       0.68572844554629331      -0.22175153894016919       -1.4450678177793641     
   3.6748672129585267        7.0978841163785429        5.5991436134300194       -1.2247055305677905        1.1486313403745561        1.2269244706336710     
   2.2662509599094038        1.9610499878312007        4.0083836585062622      -0.48465484452463387       0.38432215565551031      -0.93783124461109690     
  0.75163631802735420        7.0386351319657567        7.7322998337851212        1.4568776490478073       -2.2508754313442454       0.65574315322723209     
  0.36691883698599659        2.8591543556274206        3.2709734233543797       -1.8552403733648022        7.0643917508622478E-002  0.30761660584463302     
   8.3121317043792917        2.9179124087253308        3.0020405250453472      -0.37969865060711572       0.52064672097929365      -0.37323509962520102     
   7.8704279276431990        7.2549866889645953        4.7042449583058268       0.59408106521411708        8.1501267960169627E-002  -2.2188447073282926     
   9.4896349941551712        2.2020125653302811        2.3417354755257982        2.0491018045591476        1.0849850444252223      -0.43244662868045636     
   2.0460331577694406        9.4454037011474909        3.1906031495852272      -0.51287639158734777       -7.1779675394497616E-002 -0.45514566050658278     
   1.5993842325075325        5.2093452188632661        1.5842816429716688        1.5489974579775094       -5.3212073331464202E-002 -0.16295880760651121     
   9.5843742106248566        3.1913337310122194        2.5436670438552267      -0.57613855090997168      -0.92031092161247741       0.71856652635168217     
   2.7320741282344647        5.4558616897616172        7.6950074090291034      -0.36024569561407432      -0.39112029816386712      -0.67761960987934844     
   7.7314959300459538        8.1814220827306467        3.8176951297703123       -1.3140298956988508       0.77206707931740803       0.14661750570994198     
   3.7355933250489590        7.7606315502780383        3.8281574988981237      -0.28440287742266823      -0.90737413701358616        1.3630651475933442     
   1.5835470796038960        4.8121001728312933        5.4837761104740617      -0.75610310726351382       0.65470248274965170      -0.29624401698867103     
   9.8385657663665054       0.70955759574634558        4.9416827844143159        1.1212968841109370       0.41908155968617067      -0.90901092195618638     
   9.5959947508353380        7.4863493842568225        2.1730624278751383       -1.8384400655791562       0.27942435073151883       -1.8418200870408012     
   6.8319808696335755        7.1009530450851495        3.9127291370179975      -0.69745831941919156      -0.64535123703822417        1.3431531443575673     
   5.4734841011512714        3.2786700658671593        5.7545443607348696        1.3045868030902363       -1.2324713198278681        1.6808224426937499     
   9.9232664275662312        7.8723369067976821        7.8487859882096744       0.92198065816244168        1.4403955350310396        1.1670831248226317     
   4.6927888632713275        9.6143314834153184        2.5889779800412920      -0.77200237367203450        2.2523255184321060       0.57026874781650261     
   6.8076455741511133        5.5094946467382124        3.7363529650627836       0.71295913708514036      -0.37451722184420816       0.39811724085771300     
   2.1918505011808023        2.6244085208725929        7.8654632209304216        1.0220127290159133      -0.69822007885635207       0.21342055937583052     
   5.3551624640491893        9.3344956424670382        3.9937980454917144       0.36877087765996641      -0.45554168348856428      -0.73913855218210323     
  0.38080873226543061        1.5337033757938630        6.0899468368764849       0.73071907700190308      -0.77384806397202699       -1.8155484005799170E-002
   4.1836757263034539        2.5926343009223465        6.9709511123196632      -0.63631379629241114       0.88758331416637282        1.5002906718122728     
   3.0413105229877412E-002   4.8594955829547040        5.3685594821807534       0.83368600571326257       0.27659057362881634       0.24828308782088088     
   8.8814554618146939        3.7535994941457909        5.9851235760444039      -0.76780087509930339      -0.45330697938039799      -0.56319613984607209     
   2.9173794967469924        8.0645795342004565        2.9097377673297204       -4.6999628064021165E-002  0.77567121250202853        1.0894531558402563     
  0.12467638386949725        8.4001441778529120        3.1015683626909003      -0.27924814343317861      -0.83781014460885039       0.90817552486150721     
   1.2572544985260818        1.2262169356080972        3.9757633409757775        1.9329849857293258       0.88162601270451046       0.93659958535673382     
   1.1462261956149078        6.3488608344802122        2.0172113950394541      -0.74765012376920825       0.45562372547014052       -1.9361695381778512     
  0.63799860393771113        9.9580417841471611        6.8842351469963532       0.94517987179259921      -0.90781073724199801       0.90393640753911364     
   9.7753967641096526       0.32628886222841769        6.2500072916091298        1.6211131418768117       -1.2542793332732300       -4.9553917090741334E-002
   6.2907954432376192        4.3765583481789365        5.5205016370828686      -0.56787414944440684       -8.3893971539365814E-002  -1.6228870043955921     
   1.7682493415447544        3.7103761561269923        5.3577290981914762       0.96093645592388621       -1.5757409954639043       -4.8370817517667572E-002
   7.1416417205435714        6.1698426280883130        4.4480009924163175      -0.21832515748427672        9.1618265254929512E-002  0.95733030495280802     
   2.1376846499726025        7.1941938158664414        3.0778094649545675        1.4265639342314729        1.5150657945574089       0.10258823497913087     
   1.9628344602161973        2.8996178184875783        6.3917581366408998        1.4496457260530491       -2.5305023772331459       0.47076794408511868     
   6.2934700432288571        5.8851782725117827        2.0401966490076027       0.45954713529239233       0.33240808867329008       0.88867756301208056     
   4.4153042693074438        8.6504898001606225        3.1913219750820461      -0.45328936359123395        1.8134694790977439       -1.3159588552349055     
   6.1098758673747833        8.7391789645059941        2.4015284363942220       0.67360595502300458       -1.5643892474212604        1.2333849863609598     
   9.8706632414770734        7.3974696120215775        6.8980350060255953       -3.0809510845528378       0.33083043675383117       -1.5539325684962217     
   8.7148643622593820        8.4999140033822869        1.8826145817151643        6.9646095543793349E-002   2.2207582604173615      -0.14954852033878421     
   5.3462774913352931        7.7752449957668857        4.5455739072403993        8.7923113417054069E-002  0.27624697981692981      -0.56474498645833371     
   4.8601960969260594        6.3426529198767936        5.5654465077118642       -1.4098687371166894       -3.6910465752284640       0.95572837804772037     
   1.5575481921497416        5.9376070518638251        3.4918504914612818       0.23206544851406602        1.7556990187007839       0.74705271077206181     
   6.0902330029749043        7.2696241242532524        5.6657960368693940        2.4664424386508426       -2.1300659244284974       -1.0995904263519535E-002
   1.7967346711800110        1.2023545794597901        2.8531816546446387       0.10887013926027710        1.6806100435665674        1.3017166075825097     
   1.6130743654477264        3.3608861725213579        8.4841032701677950       0.55438190205947724      -0.17446699095840620       -1.5007738313217915     
   9.9683029394251097        6.1244496686624563        4.9684322219653803        1.0926462486655468       -1.1592598561462364      -0.70210880158535460     
   2.3580189115919095E-002   3.2095578319118268        1.4149441434589980       -1.1903383508164795       0.77078708470204127      -0.21541081806675169     
   4.1445553883252373        8.5220715338758168        4.7471638571433230       0.39735824951259630      -0.87221625272828218      -0.34796287984932467     
   4.3896045774249171        2.5019909453915901        3.2540643821203252       0.41125449006310549       0.49456799891490982      -0.34642396670862308     
   1.1469851742470667        1.3262835208124166        1.8408098602408445      -0.19977284698393261       0.16790459274603128        1.6362967432247886     
   1.2108605431611836        2.0557548355170714        2.6191490228738794       -1.4158865830953991      -0.52090895978527518       0.55282289498142001     
   8.1548980653498866        4.0978475242812920        3.9739114625270200       0.24922446742783302       0.28774227608353203       0.50697672126172633     
   2.8310500243092021        2.3076006925585868        4.7752319678603774       0.20513730116879214        7.6069328528441255E-002  0.67704108041164368     
   3.8285830909403611        4.0348630778099652        5.1638428124034919       0.69489403130124971       0.84875595510769297      -0.18239604425515010     
   1.3225229018972839        2.0477552404301713        6.2968183315145714        1.3064167000178868      -0.17815251780756269       -8.2148164420591141E-002
   7.4359343218681921        5.8898894724785329        5.6553151028608664        1.9241194288705221      -0.34893846884633906        1.0369125267251571     
   7.7571905397340899        3.5387276817874214        7.9798525036493659       0.57446241617525584      -0.79117562205687664      -0.35338285054472462     
   9.3004432054037220        2.5779982166813622        3.5485125307517000      -0.45035947350651701       0.61356439100071702      -0.93337172018654524     
   2.9339014583174867        9.5213913529018015        4.4412527505161199       0.90923284382149061      -0.79489979516133713      -0.32308067580258171     
   4.2229362883294019        1.1080682072741093        2.7300073728540428       -1.3490030743800323      -0.17310310225368014       0.13023891701663745     
   4.3821660107372171        7.4911934802877305        4.7787745570890445       0.21533432213799727       0.44446639408378102       -1.4549203815418470     
   5.8698735831575561        7.3151893008531488        3.4491655954322984      -0.88319418991642584       0.42853936215522759      -0.39881053994214011     
   3.9729719041031606        5.9868877299237795        1.1384196868913365       -1.4929545563602657       -9.3934277337910155E-002  -1.5605405833860537     
  0.78546149197046755        7.0371475207195946        4.3095175683856244       0.36190723492241234      -0.25217227732279446      -0.71263692193868511     
   5.5123428358102107        8.3304851324086329        3.5604033570019626       -2.5022973222898509E-002 -0.66488141607046902      -0.38732019657435673     
   1.0229048664225744        9.2340483813347944        2.9076930397345282       0.55667553958880100       -4.3454522657934688E-002  0.56415559871435539     
   4.1549306253250640        5.3509343110730256        3.6467250618773006      -0.20556702820059652       0.75334238005710041       0.82651320422780594     
  0.79177569359180133        1.2123337044574161        7.0585275237342593      -0.83250120551936746       -9.3712475332934114E-002 -0.56882162066607989     
   3.8779602884732705        9.4022337210015436        1.6848480486210977        1.6163714174637087        1.1224199363326883        1.8966957571059930     
   8.1524594458741699        5.8951510067893098        3.1973723804853349      -0.19738951941871069       0.50872688229744600       0.57147675479189464     
   9.8237278806471515        9.0977049143188378        5.0811165102496068       -1.9770046979774352       -1.7024584800096785       0.23469270883922241     
   3.5013634562474847        3.5750860281843213        6.6193128015657567      -0.98806014230276351       0.12551107298349273       -7.6673272484468508E-002
   1.1908116399362698        2.3865469067971077        5.0391299956943190      -0.15221385448009486        1.4503235789692275        1.5318980514934628     
   8.7053750549903928        7.5661468890980936        4.2488849455068891        1.0069163564891432       0.40946446573042183       0.65592388083603237     
  0.78101994051725632        5.6741204240426679        4.4971172246953088      -0.10069387543246744       0.95646426764841397       -1.7228155093545265     
   2.0060278088508308        8.7261518034810255        5.7160956946320445       0.71854012665947975       0.72456252214956762       0.70541892853973764     
   1.7229590461658870        1.2334285188164225        5.2106601017618228       0.59899392056565370       -5.4595129106495700E-002  -1.5517286414025078     
   3.1459542273634695        4.8934245100623066        4.7651507090420209       -1.1030782625259046      -0.61333781435767665      -0.41857244889218997     
   6.2964301029477054        7.3475004975283156        1.9150900471841938        1.2363301223102070        2.7719156178754450E-002  0.36697496456802858     
   9.8312843350104568        3.6979977549326803        5.5147000533305519        2.0815815933407449       0.80476289985767657        1.1353754761935391     
   9.7600141596848164        8.3350225535918447        5.9085537817692009      -0.12821027048069375      -0.42314938326511786      -0.77204741420024325     
   3.0037578615828489        3.2263846913577829        1.7665763678953883       -1.1005596617604203       -1.6814511962266494       0.39977395544208277     
   9.0773083542877586        2.9800812783849970        4.8821136158018454      -0.96211366912639773       0.21687905036182736        1.7746703524919556     
  0.45741888356807120        8.7131707234611682        4.1445503398792924      -0.25891569122464925      -0.47603383014329925      -0.97717620444492848     
   4.8049751914346315        4.9147492674825441        2.9600287288362792       -1.3949214600507431        7.6273081280252675E-002  0.44021400338296401     
   3.4422321408398271        5.4704565618674534        6.2164699551530518        1.9756591895439832       0.79497817156750283       -2.1248147378636189     
   5.9287239717488003        3.7439833973778929        4.7912044099198940       0.26429672485364830       -1.3249672074808130       0.32328406266028881     
   9.4601958864579423        6.4875956905396759        2.3288450202560651       0.29719300051715847       0.13319225141039243      -0.49331123301304014     
   2.8716235075725214        9.2762734778113494        6.5488760785089966       0.94389240469982350        1.2321425494963247      -0.15810917137301433     
   4.0411494797972587        7.9431831086107128        5.9949577995881054      -0.10874735487266830       -1.5354834328827549      -0.14068732891650390     
   3.6443639513516897        6.3076356885512022        3.5769829100537409       -1.9259327563891787E-002 -0.99392050769301155       -1.0090945050253850     
   6.9436578490841603        7.6428696347324134        3.0908259531594315       0.76062252073466552      -0.22681219661268684        1.2566516701879293     
   3.6515341785365423        5.0073927866973831        2.4222161785233300      -0.96472975138562744      -0.13146548251956819      -0.57582352342414711     
   2.2569627005062300        8.8562161417669252        1.5461522420361555      -0.56933202236160985        9.0003708710494457E-002   6.6988772710689870E-002
   2.0657126148966714        4.2585980270093762        3.6984467547993383        1.0428884418797402        2.4984198136688129       -8.7178771377127720E-002
   9.9440529829291400        9.4610059853714610        2.9290426753200207      -0.12578313134864544      -0.34389674005903287        1.6290833531999378     
  0.20685373299515838        2.4721521071833936        4.5398805008446503       0.36488206696250680       0.43705786037806382      -0.24874073247534745     
   9.8441420321060900        7.1007876933718803        5.7029704453737624      -0.32224556698901408       -9.3240486080311047E-002  -2.1568823811272533     
   5.2373470917954128        1.8336401162250335        2.1688777289360721      -0.30296022193403305      -0.28527972141111396      -0.87793528621622352     
   3.7713642615110423        4.4007329522089966        3.3563283394379742      -0.51871857229065044       0.63190855694042347        1.0525372894080973     
   3.0473194590411872        2.3356373266988655        6.4050278849374775        1.1495444131344128      -0.96670223294397495      -0.37002306295890741     
  0.75374594471702250       0.53792785873995552        3.1336017288344777       0.52630743888914988      -0.60619594777584984        1.8800746036063603     
  0.60090894657561833        9.8630169826835346        5.2784029252067937        1.5983601427376035        8.1750661425422241E-002   1.3008447196701691     
